Puebla de Zaragoza,Ciudad de Mexico,Ecatepec,Guadalajara,Tijuana,Ciudad Juarez,Monterrey,Nezahualcoyotl,Rovaniemi
107.28,105.07,568.12,2403.3,1637.08,768.38,99.81,9440.81
107.28,26.25,461.23,2301.74,1552.93,704.29,32.74,9432.42
105.07,26.25,469.73,2298.53,1540.92,686.03,8.27,9407.23
568.12,461.23,469.73,1892.04,1268.64,636.52,477.17,9442.28
2403.3,2301.74,2298.53,1892.04,996.73,1792.97,2303.51,8558.37
1637.08,1552.93,1540.92,1268.64,996.73,903.95,1543.33,8369.24
768.38,704.23,686.03,636.52,1792.97,903.95,686.12,8816.55
99.81,32.74,8.27,477.17,2303.51,1543.33,686.12,9403.09
9440.81,9432.42,9407.23,9442.28,8558.37,8369.24,8816.55,9403.09
